{
 "cells": [
  {
   "cell_type": "markdown",
   "id": "e7d0a6a2",
   "metadata": {},
   "source": [
    "I modeled my code after renukadevird for kaggle.com, https://www.kaggle.com/renukadevird/crypto-corr"
   ]
  },
  {
   "cell_type": "code",
   "execution_count": null,
   "id": "b4a9c677",
   "metadata": {},
   "outputs": [],
   "source": [
    "His intial program execution:\n",
    "# Load Data\n",
    "# Understanding Data\n",
    "# Data cleaning and preparation\n",
    "# Drop columns\n",
    "# Missing data\n",
    "# Data aggregation\n",
    "# Understanding the trends\n",
    "# Analysing the combined trends\n",
    "\n",
    "# Average closing value\n",
    "# Marketcap\n",
    "# Closing volume\n",
    "# Comparining the trends between 2020 - 2021\n",
    "\n",
    "# Correlation"
   ]
  },
  {
   "cell_type": "code",
   "execution_count": 282,
   "id": "c05a0428",
   "metadata": {},
   "outputs": [],
   "source": [
    "import pandas as pd\n",
    "import numpy as np\n",
    "\n",
    "import matplotlib.pyplot as plt\n",
    "import seaborn as sns\n",
    "from sklearn.model_selection import train_test_split\n",
    "\n",
    "# scaler = StandardScaler()\n",
    "# print(scaler.fit(np.array(values).reshape(-1, 1)))\n",
    "# from sklearn.preprocessing import StandardScaler\n",
    "\n"
   ]
  },
  {
   "cell_type": "code",
   "execution_count": 314,
   "id": "e25ec86c",
   "metadata": {},
   "outputs": [],
   "source": [
    "# use these as the keys to map, add name of coin here so don't need to do it everywhere else\n",
    "crypto_names = ['Bitcoin', 'Shibainu', 'Saitama']\n",
    "\n",
    "#load coin data\n",
    "c_bitcoin = pd.read_csv('bitcoin-coinmarketcap.csv')\n",
    "c_shibainu = pd.read_csv('shibainu-coinmarketcap.csv')\n",
    "c_saitama = pd.read_csv('saitama-coinmarketcap.csv')\n",
    "\n",
    "coin_dict = {crypto_names[0]:c_bitcoin, crypto_names[1]:c_shibainu, crypto_names[2]:c_saitama}\n",
    "\n",
    "#hold the raw data for each coin in this array so we can loop through later\n",
    "raw_data = [c_bitcoin, c_shibainu, c_saitama]\n",
    "raw_data_coin_names = [\"Bitcoin\", \"Shibainu\", \"Saitama\"]"
   ]
  },
  {
   "cell_type": "code",
   "execution_count": 315,
   "id": "7677351d",
   "metadata": {},
   "outputs": [],
   "source": [
    "def print_data_dimensions(coin_name, df):\n",
    "    display(df.head())\n",
    "    print(\"\\033[1m\" + coin_name + \"\\033[0m\")"
   ]
  },
  {
   "cell_type": "code",
   "execution_count": 316,
   "id": "7ab1e5f6",
   "metadata": {},
   "outputs": [],
   "source": [
    "# for coin_name in coin_dict:\n",
    "#     print_data_dimensions(coin_name, coin_dict[coin_name])"
   ]
  },
  {
   "cell_type": "code",
   "execution_count": 317,
   "id": "1a1da95f",
   "metadata": {},
   "outputs": [],
   "source": [
    "#check coin data for null values\n",
    "def check_coin_data_for_null(coin_name, df):\n",
    "    print(\"\\033[1m\" + coin_name + \"\\033[0m NaN\", np.any(df.isna()))\n",
    "    #display(df.info())"
   ]
  },
  {
   "cell_type": "code",
   "execution_count": 318,
   "id": "ee3848ef",
   "metadata": {},
   "outputs": [
    {
     "name": "stdout",
     "output_type": "stream",
     "text": [
      "\u001b[1mBitcoin\u001b[0m NaN False\n",
      "\u001b[1mShibainu\u001b[0m NaN False\n",
      "\u001b[1mSaitama\u001b[0m NaN False\n"
     ]
    }
   ],
   "source": [
    "for coin_name in coin_dict:\n",
    "    check_coin_data_for_null(coin_name, coin_dict[coin_name])"
   ]
  },
  {
   "cell_type": "code",
   "execution_count": 336,
   "id": "59336ee5",
   "metadata": {},
   "outputs": [],
   "source": [
    "#split the data into features and target per coin\n",
    "Xs_raw_data = dict.fromkeys(crypto_names, [])\n",
    "Ts_raw_data = dict.fromkeys(crypto_names, [])\n",
    "\n",
    "for coin_name in coin_dict:\n",
    "    coin_raw_data = coin_dict[coin_name]\n",
    "    first_cols = coin_raw_data.iloc[:, 0:4].copy()\n",
    "    last_cols = coin_raw_data.iloc[:, 5:].copy()\n",
    "    first_cols.reset_index(drop=True, inplace=True)\n",
    "    last_cols.reset_index(drop=True, inplace=True)\n",
    "    \n",
    "    features = [first_cols, last_cols]\n",
    "    Xs_raw_data[coin_name] = pd.concat(features, axis=1) #training data of this coin\n",
    "    \n",
    "    close_col = coin_raw_data.iloc[:, 4].copy()\n",
    "    date_col = coin_raw_data.iloc[:, 0].copy()\n",
    "    \n",
    "    target_close = [date_col, close_col]\n",
    "    Ts_raw_data[coin_name] = pd.concat(target_close, axis=1) #target data of this coin\n",
    "    \n",
    "#display(Xs_raw_data)\n",
    "#display(Ts_raw_data)"
   ]
  },
  {
   "cell_type": "code",
   "execution_count": 337,
   "id": "1c43ed0e",
   "metadata": {},
   "outputs": [],
   "source": [
    "#reformat Date column\n",
    "for coin_name in crypto_names:\n",
    "    date_data = Xs_raw_data[coin_name]['Date']\n",
    "    Xs_raw_data[coin_name]['Date'] = pd.to_datetime(date_data, format='%d-%b-%y').dt.date #remove time\n",
    "    \n",
    "    date_data = Ts_raw_data[coin_name]['Date']\n",
    "    Ts_raw_data[coin_name]['Date'] = pd.to_datetime(date_data, format='%d-%b-%y').dt.date #remove time\n",
    "    \n",
    "# display(Xs_raw_data)\n",
    "# display(Ts_raw_data)"
   ]
  },
  {
   "cell_type": "code",
   "execution_count": 325,
   "id": "0fdc7bab",
   "metadata": {},
   "outputs": [
    {
     "data": {
      "text/plain": [
       "{'Bitcoin':           Date       Volume    Market Cap\n",
       " 0   2022-02-04  29412210792  786396684548\n",
       " 1   2022-02-03  18591534769  704010232687\n",
       " 2   2022-02-02  19155189416  700155817836\n",
       " 3   2022-02-01  20288500328  734039224255\n",
       " 4   2022-01-31  20734730465  729073641688\n",
       " 5   2022-01-30  14643548444  718325967803\n",
       " 6   2022-01-29  17194183075  722469136410\n",
       " 7   2022-01-28  22238830523  715731622071\n",
       " 8   2022-01-27  25041426629  703456873493\n",
       " 9   2022-01-26  31324598034  698006361956\n",
       " 10  2022-01-25  26428189594  699907393886\n",
       " 11  2022-01-24  41856658597  694196560317\n",
       " 12  2022-01-23  26017975951  687012848062\n",
       " 13  2022-01-22  39714385405  663374008017\n",
       " 14  2022-01-21  43011992031  690368973093\n",
       " 15  2022-01-20  20382033940  770304579439\n",
       " 16  2022-01-19  23091543258  790406427118\n",
       " 17  2022-01-18  22417209227  802313747480\n",
       " 18  2022-01-17  21690904261  799910089279\n",
       " 19  2022-01-16  17902097845  816211499221\n",
       " 20  2022-01-15  18371348298  817364571824\n",
       " 21  2022-01-14  23577403399  815850639036\n",
       " 22  2022-01-13  47691135082  806189762638\n",
       " 23  2022-01-12  33499938689  831836978396\n",
       " 24  2022-01-11  26327648900  808834801011\n",
       " 25  2022-01-10  32104232331  791484886194\n",
       " 26  2022-01-09  21294384372  793156354744\n",
       " 27  2022-01-08  28066355845  789758782727\n",
       " 28  2022-01-07  84196607520  786389774194\n",
       " 29  2022-01-06  30208048289  816685390313\n",
       " 30  2022-01-05  36851084859  824368284530\n",
       " 31  2022-01-04  42494677905  868383282082\n",
       " 32  2022-01-03  33071628362  878946596803\n",
       " 33  2022-01-02  27951569547  895688387523\n",
       " 34  2022-01-01  24582667004  902104193385,\n",
       " 'Shibainu':           Date      Volume   Market Cap\n",
       " 0   2022-02-04   609855710  12184092079\n",
       " 1   2022-02-03   421850042  11358234375\n",
       " 2   2022-02-02   484518640  11326230298\n",
       " 3   2022-02-01   519254046  11934872725\n",
       " 4   2022-01-31   531285879  11764748944\n",
       " 5   2022-01-30   488342024  11581538525\n",
       " 6   2022-01-29   551033703  11869150548\n",
       " 7   2022-01-28   538455794  11703251838\n",
       " 8   2022-01-27   890469542  11683051726\n",
       " 9   2022-01-26  1155008423  11623395387\n",
       " 10  2022-01-25  1047337942  11567450308\n",
       " 11  2022-01-24  1924476636  11641287546\n",
       " 12  2022-01-23  1957464251  12325072655\n",
       " 13  2022-01-22  2140529993  11262143262\n",
       " 14  2022-01-21  1422249920  12204919395\n",
       " 15  2022-01-20   380410746  14514579020\n",
       " 16  2022-01-19   644592746  15012072817\n",
       " 17  2022-01-18   817784966  15446970050\n",
       " 18  2022-01-17   758868918  15822970157\n",
       " 19  2022-01-16   613620998  16757400982\n",
       " 20  2022-01-15   697319385  16956487945\n",
       " 21  2022-01-14  1538750911  16938470839\n",
       " 22  2022-01-13  1435576624  16273870573\n",
       " 23  2022-01-12  1541810685  17416089292\n",
       " 24  2022-01-11   856528185  15207333361\n",
       " 25  2022-01-10  1044022667  14704911995\n",
       " 26  2022-01-09   741130328  15553511774\n",
       " 27  2022-01-08  1081101278  15257928180\n",
       " 28  2022-01-07  1169467775  15931057953\n",
       " 29  2022-01-06  1172523092  16887454459\n",
       " 30  2022-01-05  1138566779  16722624279\n",
       " 31  2022-01-04   717218977  17837039432\n",
       " 32  2022-01-03   720676202  18168398066\n",
       " 33  2022-01-02   574109134  18692252748\n",
       " 34  2022-01-01   608789558  18742539593,\n",
       " 'Saitama':           Date    Volume  Market Cap\n",
       " 0   2022-02-04  17134443           0\n",
       " 1   2022-02-03  16345828           0\n",
       " 2   2022-02-02  20033823           0\n",
       " 3   2022-02-01  23966747           0\n",
       " 4   2022-01-31  16928860           0\n",
       " 5   2022-01-30  28643909           0\n",
       " 6   2022-01-29  40386571           0\n",
       " 7   2022-01-28  28999060           0\n",
       " 8   2022-01-27   8493627           0\n",
       " 9   2022-01-26  10877596           0\n",
       " 10  2022-01-25  15847268           0\n",
       " 11  2022-01-24  11908773           0\n",
       " 12  2022-01-23  20796791           0\n",
       " 13  2022-01-22  16689234           0\n",
       " 14  2022-01-21  38291589           0\n",
       " 15  2022-01-20  16134402           0\n",
       " 16  2022-01-19  12242350           0\n",
       " 17  2022-01-18  12584718           0\n",
       " 18  2022-01-17  11361371           0\n",
       " 19  2022-01-16  23095383           0\n",
       " 20  2022-01-15  19200279           0\n",
       " 21  2022-01-14  22760156           0\n",
       " 22  2022-01-13  12060118           0\n",
       " 23  2022-01-12  30007600           0\n",
       " 24  2022-01-11  16016602           0\n",
       " 25  2022-01-10  30660460           0\n",
       " 26  2022-01-09  33605461           0\n",
       " 27  2022-01-08  60989885           0\n",
       " 28  2022-01-07  33932610           0\n",
       " 29  2022-01-06  33505885           0\n",
       " 30  2022-01-05  57618688           0\n",
       " 31  2022-01-04  96159378           0\n",
       " 32  2022-01-03  39076070           0\n",
       " 33  2022-01-02  11176208           0\n",
       " 34  2022-01-01   9894726           0}"
      ]
     },
     "metadata": {},
     "output_type": "display_data"
    }
   ],
   "source": [
    "#drop unnecessary features\n",
    "for coin_name in crypto_names:\n",
    "    Xs_raw_data[coin_name].drop(['Open*','High','Low'], axis = 1, inplace = True)\n",
    "    \n",
    "display(Xs_raw_data)"
   ]
  },
  {
   "cell_type": "code",
   "execution_count": 338,
   "id": "8d2425af",
   "metadata": {},
   "outputs": [
    {
     "name": "stdout",
     "output_type": "stream",
     "text": [
      "coin_data_indexed_by_date               Market Cap       Volume\n",
      "Date                                 \n",
      "2022-01-01  902104193385  24582667004\n",
      "2022-01-02  895688387523  27951569547\n",
      "2022-01-03  878946596803  33071628362\n",
      "2022-01-04  868383282082  42494677905\n",
      "2022-01-05  824368284530  36851084859\n",
      "2022-01-06  816685390313  30208048289\n",
      "2022-01-07  786389774194  84196607520\n",
      "2022-01-08  789758782727  28066355845\n",
      "2022-01-09  793156354744  21294384372\n",
      "2022-01-10  791484886194  32104232331\n",
      "2022-01-11  808834801011  26327648900\n",
      "2022-01-12  831836978396  33499938689\n",
      "2022-01-13  806189762638  47691135082\n",
      "2022-01-14  815850639036  23577403399\n",
      "2022-01-15  817364571824  18371348298\n",
      "2022-01-16  816211499221  17902097845\n",
      "2022-01-17  799910089279  21690904261\n",
      "2022-01-18  802313747480  22417209227\n",
      "2022-01-19  790406427118  23091543258\n",
      "2022-01-20  770304579439  20382033940\n",
      "2022-01-21  690368973093  43011992031\n",
      "2022-01-22  663374008017  39714385405\n",
      "2022-01-23  687012848062  26017975951\n",
      "2022-01-24  694196560317  41856658597\n",
      "2022-01-25  699907393886  26428189594\n",
      "2022-01-26  698006361956  31324598034\n",
      "2022-01-27  703456873493  25041426629\n",
      "2022-01-28  715731622071  22238830523\n",
      "2022-01-29  722469136410  17194183075\n",
      "2022-01-30  718325967803  14643548444\n",
      "2022-01-31  729073641688  20734730465\n",
      "2022-02-01  734039224255  20288500328\n",
      "2022-02-02  700155817836  19155189416\n",
      "2022-02-03  704010232687  18591534769\n",
      "2022-02-04  786396684548  29412210792\n",
      "coin_data_indexed_by_date              Market Cap      Volume\n",
      "Date                               \n",
      "2022-01-01  18742539593   608789558\n",
      "2022-01-02  18692252748   574109134\n",
      "2022-01-03  18168398066   720676202\n",
      "2022-01-04  17837039432   717218977\n",
      "2022-01-05  16722624279  1138566779\n",
      "2022-01-06  16887454459  1172523092\n",
      "2022-01-07  15931057953  1169467775\n",
      "2022-01-08  15257928180  1081101278\n",
      "2022-01-09  15553511774   741130328\n",
      "2022-01-10  14704911995  1044022667\n",
      "2022-01-11  15207333361   856528185\n",
      "2022-01-12  17416089292  1541810685\n",
      "2022-01-13  16273870573  1435576624\n",
      "2022-01-14  16938470839  1538750911\n",
      "2022-01-15  16956487945   697319385\n",
      "2022-01-16  16757400982   613620998\n",
      "2022-01-17  15822970157   758868918\n",
      "2022-01-18  15446970050   817784966\n",
      "2022-01-19  15012072817   644592746\n",
      "2022-01-20  14514579020   380410746\n",
      "2022-01-21  12204919395  1422249920\n",
      "2022-01-22  11262143262  2140529993\n",
      "2022-01-23  12325072655  1957464251\n",
      "2022-01-24  11641287546  1924476636\n",
      "2022-01-25  11567450308  1047337942\n",
      "2022-01-26  11623395387  1155008423\n",
      "2022-01-27  11683051726   890469542\n",
      "2022-01-28  11703251838   538455794\n",
      "2022-01-29  11869150548   551033703\n",
      "2022-01-30  11581538525   488342024\n",
      "2022-01-31  11764748944   531285879\n",
      "2022-02-01  11934872725   519254046\n",
      "2022-02-02  11326230298   484518640\n",
      "2022-02-03  11358234375   421850042\n",
      "2022-02-04  12184092079   609855710\n",
      "coin_data_indexed_by_date             Market Cap    Volume\n",
      "Date                            \n",
      "2022-01-01           0   9894726\n",
      "2022-01-02           0  11176208\n",
      "2022-01-03           0  39076070\n",
      "2022-01-04           0  96159378\n",
      "2022-01-05           0  57618688\n",
      "2022-01-06           0  33505885\n",
      "2022-01-07           0  33932610\n",
      "2022-01-08           0  60989885\n",
      "2022-01-09           0  33605461\n",
      "2022-01-10           0  30660460\n",
      "2022-01-11           0  16016602\n",
      "2022-01-12           0  30007600\n",
      "2022-01-13           0  12060118\n",
      "2022-01-14           0  22760156\n",
      "2022-01-15           0  19200279\n",
      "2022-01-16           0  23095383\n",
      "2022-01-17           0  11361371\n",
      "2022-01-18           0  12584718\n",
      "2022-01-19           0  12242350\n",
      "2022-01-20           0  16134402\n",
      "2022-01-21           0  38291589\n",
      "2022-01-22           0  16689234\n",
      "2022-01-23           0  20796791\n",
      "2022-01-24           0  11908773\n",
      "2022-01-25           0  15847268\n",
      "2022-01-26           0  10877596\n",
      "2022-01-27           0   8493627\n",
      "2022-01-28           0  28999060\n",
      "2022-01-29           0  40386571\n",
      "2022-01-30           0  28643909\n",
      "2022-01-31           0  16928860\n",
      "2022-02-01           0  23966747\n",
      "2022-02-02           0  20033823\n",
      "2022-02-03           0  16345828\n",
      "2022-02-04           0  17134443\n"
     ]
    }
   ],
   "source": [
    "# use Date as the row index instead of the default row numbers\n",
    "for coin_name in crypto_names:\n",
    "    coin_data_indexed_by_date = {}\n",
    "    coin_raw = Xs_raw_data[coin_name]\n",
    "    coin_data_indexed_by_date = (pd.pivot_table(coin_raw,values=['Volume','Market Cap']\n",
    "                        ,index=['Date']))\n",
    "    print('coin_data_indexed_by_date', coin_data_indexed_by_date)\n",
    "    Xs_raw_data[coin_name]=coin_data_indexed_by_date\n",
    "    \n",
    "    coin_raw = Ts_raw_data[coin_name]\n",
    "    coin_data_indexed_by_date = (pd.pivot_table(coin_raw,values=['Close**']\n",
    "                        ,index=['Date']))\n",
    "    Ts_raw_data[coin_name]=coin_data_indexed_by_date\n",
    "    "
   ]
  },
  {
   "cell_type": "code",
   "execution_count": 343,
   "id": "032ab8e8",
   "metadata": {},
   "outputs": [],
   "source": [
    "#split the features/target into training and testing data\n",
    "Xs_train = dict.fromkeys(crypto_names, [])\n",
    "Xs_test = dict.fromkeys(crypto_names, [])\n",
    "Ts_train = dict.fromkeys(crypto_names, [])\n",
    "Ts_test = dict.fromkeys(crypto_names, [])\n",
    "\n",
    "for coin_name in coin_dict:\n",
    "    X_train, X_test, t_train, t_test = train_test_split(Xs_raw_data[coin_name] \\\n",
    "                                                        , Ts_raw_data[coin_name] \\\n",
    "                                                        ,test_size=0.2, random_state=1)\n",
    "    Xs_train[coin_name] = X_train\n",
    "    Xs_test[coin_name] = X_test\n",
    "    Ts_train[coin_name] = t_train\n",
    "    Ts_test[coin_name] = t_test"
   ]
  },
  {
   "cell_type": "code",
   "execution_count": 340,
   "id": "4f6f0179",
   "metadata": {},
   "outputs": [
    {
     "data": {
      "text/plain": [
       "{'Bitcoin':               Market Cap       Volume\n",
       " Date                                 \n",
       " 2022-01-01  902104193385  24582667004\n",
       " 2022-01-02  895688387523  27951569547\n",
       " 2022-01-03  878946596803  33071628362\n",
       " 2022-01-04  868383282082  42494677905\n",
       " 2022-01-05  824368284530  36851084859\n",
       " 2022-01-06  816685390313  30208048289\n",
       " 2022-01-07  786389774194  84196607520\n",
       " 2022-01-08  789758782727  28066355845\n",
       " 2022-01-09  793156354744  21294384372\n",
       " 2022-01-10  791484886194  32104232331\n",
       " 2022-01-11  808834801011  26327648900\n",
       " 2022-01-12  831836978396  33499938689\n",
       " 2022-01-13  806189762638  47691135082\n",
       " 2022-01-14  815850639036  23577403399\n",
       " 2022-01-15  817364571824  18371348298\n",
       " 2022-01-16  816211499221  17902097845\n",
       " 2022-01-17  799910089279  21690904261\n",
       " 2022-01-18  802313747480  22417209227\n",
       " 2022-01-19  790406427118  23091543258\n",
       " 2022-01-20  770304579439  20382033940\n",
       " 2022-01-21  690368973093  43011992031\n",
       " 2022-01-22  663374008017  39714385405\n",
       " 2022-01-23  687012848062  26017975951\n",
       " 2022-01-24  694196560317  41856658597\n",
       " 2022-01-25  699907393886  26428189594\n",
       " 2022-01-26  698006361956  31324598034\n",
       " 2022-01-27  703456873493  25041426629\n",
       " 2022-01-28  715731622071  22238830523\n",
       " 2022-01-29  722469136410  17194183075\n",
       " 2022-01-30  718325967803  14643548444\n",
       " 2022-01-31  729073641688  20734730465\n",
       " 2022-02-01  734039224255  20288500328\n",
       " 2022-02-02  700155817836  19155189416\n",
       " 2022-02-03  704010232687  18591534769\n",
       " 2022-02-04  786396684548  29412210792,\n",
       " 'Shibainu':              Market Cap      Volume\n",
       " Date                               \n",
       " 2022-01-01  18742539593   608789558\n",
       " 2022-01-02  18692252748   574109134\n",
       " 2022-01-03  18168398066   720676202\n",
       " 2022-01-04  17837039432   717218977\n",
       " 2022-01-05  16722624279  1138566779\n",
       " 2022-01-06  16887454459  1172523092\n",
       " 2022-01-07  15931057953  1169467775\n",
       " 2022-01-08  15257928180  1081101278\n",
       " 2022-01-09  15553511774   741130328\n",
       " 2022-01-10  14704911995  1044022667\n",
       " 2022-01-11  15207333361   856528185\n",
       " 2022-01-12  17416089292  1541810685\n",
       " 2022-01-13  16273870573  1435576624\n",
       " 2022-01-14  16938470839  1538750911\n",
       " 2022-01-15  16956487945   697319385\n",
       " 2022-01-16  16757400982   613620998\n",
       " 2022-01-17  15822970157   758868918\n",
       " 2022-01-18  15446970050   817784966\n",
       " 2022-01-19  15012072817   644592746\n",
       " 2022-01-20  14514579020   380410746\n",
       " 2022-01-21  12204919395  1422249920\n",
       " 2022-01-22  11262143262  2140529993\n",
       " 2022-01-23  12325072655  1957464251\n",
       " 2022-01-24  11641287546  1924476636\n",
       " 2022-01-25  11567450308  1047337942\n",
       " 2022-01-26  11623395387  1155008423\n",
       " 2022-01-27  11683051726   890469542\n",
       " 2022-01-28  11703251838   538455794\n",
       " 2022-01-29  11869150548   551033703\n",
       " 2022-01-30  11581538525   488342024\n",
       " 2022-01-31  11764748944   531285879\n",
       " 2022-02-01  11934872725   519254046\n",
       " 2022-02-02  11326230298   484518640\n",
       " 2022-02-03  11358234375   421850042\n",
       " 2022-02-04  12184092079   609855710,\n",
       " 'Saitama':             Market Cap    Volume\n",
       " Date                            \n",
       " 2022-01-01           0   9894726\n",
       " 2022-01-02           0  11176208\n",
       " 2022-01-03           0  39076070\n",
       " 2022-01-04           0  96159378\n",
       " 2022-01-05           0  57618688\n",
       " 2022-01-06           0  33505885\n",
       " 2022-01-07           0  33932610\n",
       " 2022-01-08           0  60989885\n",
       " 2022-01-09           0  33605461\n",
       " 2022-01-10           0  30660460\n",
       " 2022-01-11           0  16016602\n",
       " 2022-01-12           0  30007600\n",
       " 2022-01-13           0  12060118\n",
       " 2022-01-14           0  22760156\n",
       " 2022-01-15           0  19200279\n",
       " 2022-01-16           0  23095383\n",
       " 2022-01-17           0  11361371\n",
       " 2022-01-18           0  12584718\n",
       " 2022-01-19           0  12242350\n",
       " 2022-01-20           0  16134402\n",
       " 2022-01-21           0  38291589\n",
       " 2022-01-22           0  16689234\n",
       " 2022-01-23           0  20796791\n",
       " 2022-01-24           0  11908773\n",
       " 2022-01-25           0  15847268\n",
       " 2022-01-26           0  10877596\n",
       " 2022-01-27           0   8493627\n",
       " 2022-01-28           0  28999060\n",
       " 2022-01-29           0  40386571\n",
       " 2022-01-30           0  28643909\n",
       " 2022-01-31           0  16928860\n",
       " 2022-02-01           0  23966747\n",
       " 2022-02-02           0  20033823\n",
       " 2022-02-03           0  16345828\n",
       " 2022-02-04           0  17134443}"
      ]
     },
     "metadata": {},
     "output_type": "display_data"
    }
   ],
   "source": [
    "display(Xs_raw_data)"
   ]
  },
  {
   "cell_type": "code",
   "execution_count": 341,
   "id": "fc37970b",
   "metadata": {},
   "outputs": [
    {
     "data": {
      "text/html": [
       "<div>\n",
       "<style scoped>\n",
       "    .dataframe tbody tr th:only-of-type {\n",
       "        vertical-align: middle;\n",
       "    }\n",
       "\n",
       "    .dataframe tbody tr th {\n",
       "        vertical-align: top;\n",
       "    }\n",
       "\n",
       "    .dataframe thead th {\n",
       "        text-align: right;\n",
       "    }\n",
       "</style>\n",
       "<table border=\"1\" class=\"dataframe\">\n",
       "  <thead>\n",
       "    <tr style=\"text-align: right;\">\n",
       "      <th></th>\n",
       "      <th>Market Cap</th>\n",
       "      <th>Volume</th>\n",
       "    </tr>\n",
       "    <tr>\n",
       "      <th>Date</th>\n",
       "      <th></th>\n",
       "      <th></th>\n",
       "    </tr>\n",
       "  </thead>\n",
       "  <tbody>\n",
       "    <tr>\n",
       "      <th>2022-01-01</th>\n",
       "      <td>18742539593</td>\n",
       "      <td>608789558</td>\n",
       "    </tr>\n",
       "    <tr>\n",
       "      <th>2022-01-02</th>\n",
       "      <td>18692252748</td>\n",
       "      <td>574109134</td>\n",
       "    </tr>\n",
       "    <tr>\n",
       "      <th>2022-01-03</th>\n",
       "      <td>18168398066</td>\n",
       "      <td>720676202</td>\n",
       "    </tr>\n",
       "    <tr>\n",
       "      <th>2022-01-04</th>\n",
       "      <td>17837039432</td>\n",
       "      <td>717218977</td>\n",
       "    </tr>\n",
       "    <tr>\n",
       "      <th>2022-01-05</th>\n",
       "      <td>16722624279</td>\n",
       "      <td>1138566779</td>\n",
       "    </tr>\n",
       "    <tr>\n",
       "      <th>2022-01-06</th>\n",
       "      <td>16887454459</td>\n",
       "      <td>1172523092</td>\n",
       "    </tr>\n",
       "    <tr>\n",
       "      <th>2022-01-07</th>\n",
       "      <td>15931057953</td>\n",
       "      <td>1169467775</td>\n",
       "    </tr>\n",
       "    <tr>\n",
       "      <th>2022-01-08</th>\n",
       "      <td>15257928180</td>\n",
       "      <td>1081101278</td>\n",
       "    </tr>\n",
       "    <tr>\n",
       "      <th>2022-01-09</th>\n",
       "      <td>15553511774</td>\n",
       "      <td>741130328</td>\n",
       "    </tr>\n",
       "    <tr>\n",
       "      <th>2022-01-10</th>\n",
       "      <td>14704911995</td>\n",
       "      <td>1044022667</td>\n",
       "    </tr>\n",
       "    <tr>\n",
       "      <th>2022-01-11</th>\n",
       "      <td>15207333361</td>\n",
       "      <td>856528185</td>\n",
       "    </tr>\n",
       "    <tr>\n",
       "      <th>2022-01-12</th>\n",
       "      <td>17416089292</td>\n",
       "      <td>1541810685</td>\n",
       "    </tr>\n",
       "    <tr>\n",
       "      <th>2022-01-13</th>\n",
       "      <td>16273870573</td>\n",
       "      <td>1435576624</td>\n",
       "    </tr>\n",
       "    <tr>\n",
       "      <th>2022-01-14</th>\n",
       "      <td>16938470839</td>\n",
       "      <td>1538750911</td>\n",
       "    </tr>\n",
       "    <tr>\n",
       "      <th>2022-01-15</th>\n",
       "      <td>16956487945</td>\n",
       "      <td>697319385</td>\n",
       "    </tr>\n",
       "    <tr>\n",
       "      <th>2022-01-16</th>\n",
       "      <td>16757400982</td>\n",
       "      <td>613620998</td>\n",
       "    </tr>\n",
       "    <tr>\n",
       "      <th>2022-01-17</th>\n",
       "      <td>15822970157</td>\n",
       "      <td>758868918</td>\n",
       "    </tr>\n",
       "    <tr>\n",
       "      <th>2022-01-18</th>\n",
       "      <td>15446970050</td>\n",
       "      <td>817784966</td>\n",
       "    </tr>\n",
       "    <tr>\n",
       "      <th>2022-01-19</th>\n",
       "      <td>15012072817</td>\n",
       "      <td>644592746</td>\n",
       "    </tr>\n",
       "    <tr>\n",
       "      <th>2022-01-20</th>\n",
       "      <td>14514579020</td>\n",
       "      <td>380410746</td>\n",
       "    </tr>\n",
       "    <tr>\n",
       "      <th>2022-01-21</th>\n",
       "      <td>12204919395</td>\n",
       "      <td>1422249920</td>\n",
       "    </tr>\n",
       "    <tr>\n",
       "      <th>2022-01-22</th>\n",
       "      <td>11262143262</td>\n",
       "      <td>2140529993</td>\n",
       "    </tr>\n",
       "    <tr>\n",
       "      <th>2022-01-23</th>\n",
       "      <td>12325072655</td>\n",
       "      <td>1957464251</td>\n",
       "    </tr>\n",
       "    <tr>\n",
       "      <th>2022-01-24</th>\n",
       "      <td>11641287546</td>\n",
       "      <td>1924476636</td>\n",
       "    </tr>\n",
       "    <tr>\n",
       "      <th>2022-01-25</th>\n",
       "      <td>11567450308</td>\n",
       "      <td>1047337942</td>\n",
       "    </tr>\n",
       "    <tr>\n",
       "      <th>2022-01-26</th>\n",
       "      <td>11623395387</td>\n",
       "      <td>1155008423</td>\n",
       "    </tr>\n",
       "    <tr>\n",
       "      <th>2022-01-27</th>\n",
       "      <td>11683051726</td>\n",
       "      <td>890469542</td>\n",
       "    </tr>\n",
       "    <tr>\n",
       "      <th>2022-01-28</th>\n",
       "      <td>11703251838</td>\n",
       "      <td>538455794</td>\n",
       "    </tr>\n",
       "    <tr>\n",
       "      <th>2022-01-29</th>\n",
       "      <td>11869150548</td>\n",
       "      <td>551033703</td>\n",
       "    </tr>\n",
       "    <tr>\n",
       "      <th>2022-01-30</th>\n",
       "      <td>11581538525</td>\n",
       "      <td>488342024</td>\n",
       "    </tr>\n",
       "    <tr>\n",
       "      <th>2022-01-31</th>\n",
       "      <td>11764748944</td>\n",
       "      <td>531285879</td>\n",
       "    </tr>\n",
       "    <tr>\n",
       "      <th>2022-02-01</th>\n",
       "      <td>11934872725</td>\n",
       "      <td>519254046</td>\n",
       "    </tr>\n",
       "    <tr>\n",
       "      <th>2022-02-02</th>\n",
       "      <td>11326230298</td>\n",
       "      <td>484518640</td>\n",
       "    </tr>\n",
       "    <tr>\n",
       "      <th>2022-02-03</th>\n",
       "      <td>11358234375</td>\n",
       "      <td>421850042</td>\n",
       "    </tr>\n",
       "    <tr>\n",
       "      <th>2022-02-04</th>\n",
       "      <td>12184092079</td>\n",
       "      <td>609855710</td>\n",
       "    </tr>\n",
       "  </tbody>\n",
       "</table>\n",
       "</div>"
      ],
      "text/plain": [
       "             Market Cap      Volume\n",
       "Date                               \n",
       "2022-01-01  18742539593   608789558\n",
       "2022-01-02  18692252748   574109134\n",
       "2022-01-03  18168398066   720676202\n",
       "2022-01-04  17837039432   717218977\n",
       "2022-01-05  16722624279  1138566779\n",
       "2022-01-06  16887454459  1172523092\n",
       "2022-01-07  15931057953  1169467775\n",
       "2022-01-08  15257928180  1081101278\n",
       "2022-01-09  15553511774   741130328\n",
       "2022-01-10  14704911995  1044022667\n",
       "2022-01-11  15207333361   856528185\n",
       "2022-01-12  17416089292  1541810685\n",
       "2022-01-13  16273870573  1435576624\n",
       "2022-01-14  16938470839  1538750911\n",
       "2022-01-15  16956487945   697319385\n",
       "2022-01-16  16757400982   613620998\n",
       "2022-01-17  15822970157   758868918\n",
       "2022-01-18  15446970050   817784966\n",
       "2022-01-19  15012072817   644592746\n",
       "2022-01-20  14514579020   380410746\n",
       "2022-01-21  12204919395  1422249920\n",
       "2022-01-22  11262143262  2140529993\n",
       "2022-01-23  12325072655  1957464251\n",
       "2022-01-24  11641287546  1924476636\n",
       "2022-01-25  11567450308  1047337942\n",
       "2022-01-26  11623395387  1155008423\n",
       "2022-01-27  11683051726   890469542\n",
       "2022-01-28  11703251838   538455794\n",
       "2022-01-29  11869150548   551033703\n",
       "2022-01-30  11581538525   488342024\n",
       "2022-01-31  11764748944   531285879\n",
       "2022-02-01  11934872725   519254046\n",
       "2022-02-02  11326230298   484518640\n",
       "2022-02-03  11358234375   421850042\n",
       "2022-02-04  12184092079   609855710"
      ]
     },
     "execution_count": 341,
     "metadata": {},
     "output_type": "execute_result"
    }
   ],
   "source": [
    "Xs_raw_data['Shibainu']"
   ]
  },
  {
   "cell_type": "code",
   "execution_count": 344,
   "id": "70f6d6f1",
   "metadata": {},
   "outputs": [
    {
     "name": "stdout",
     "output_type": "stream",
     "text": [
      "Saitama\n"
     ]
    },
    {
     "data": {
      "text/html": [
       "<div>\n",
       "<style scoped>\n",
       "    .dataframe tbody tr th:only-of-type {\n",
       "        vertical-align: middle;\n",
       "    }\n",
       "\n",
       "    .dataframe tbody tr th {\n",
       "        vertical-align: top;\n",
       "    }\n",
       "\n",
       "    .dataframe thead th {\n",
       "        text-align: right;\n",
       "    }\n",
       "</style>\n",
       "<table border=\"1\" class=\"dataframe\">\n",
       "  <thead>\n",
       "    <tr style=\"text-align: right;\">\n",
       "      <th></th>\n",
       "      <th>Market Cap</th>\n",
       "      <th>Volume</th>\n",
       "    </tr>\n",
       "    <tr>\n",
       "      <th>Date</th>\n",
       "      <th></th>\n",
       "      <th></th>\n",
       "    </tr>\n",
       "  </thead>\n",
       "  <tbody>\n",
       "    <tr>\n",
       "      <th>2022-01-28</th>\n",
       "      <td>0</td>\n",
       "      <td>28999060</td>\n",
       "    </tr>\n",
       "    <tr>\n",
       "      <th>2022-01-27</th>\n",
       "      <td>0</td>\n",
       "      <td>8493627</td>\n",
       "    </tr>\n",
       "    <tr>\n",
       "      <th>2022-02-02</th>\n",
       "      <td>0</td>\n",
       "      <td>20033823</td>\n",
       "    </tr>\n",
       "    <tr>\n",
       "      <th>2022-01-18</th>\n",
       "      <td>0</td>\n",
       "      <td>12584718</td>\n",
       "    </tr>\n",
       "    <tr>\n",
       "      <th>2022-01-25</th>\n",
       "      <td>0</td>\n",
       "      <td>15847268</td>\n",
       "    </tr>\n",
       "    <tr>\n",
       "      <th>2022-01-05</th>\n",
       "      <td>0</td>\n",
       "      <td>57618688</td>\n",
       "    </tr>\n",
       "    <tr>\n",
       "      <th>2022-01-03</th>\n",
       "      <td>0</td>\n",
       "      <td>39076070</td>\n",
       "    </tr>\n",
       "    <tr>\n",
       "      <th>2022-01-24</th>\n",
       "      <td>0</td>\n",
       "      <td>11908773</td>\n",
       "    </tr>\n",
       "    <tr>\n",
       "      <th>2022-01-26</th>\n",
       "      <td>0</td>\n",
       "      <td>10877596</td>\n",
       "    </tr>\n",
       "    <tr>\n",
       "      <th>2022-01-11</th>\n",
       "      <td>0</td>\n",
       "      <td>16016602</td>\n",
       "    </tr>\n",
       "    <tr>\n",
       "      <th>2022-02-01</th>\n",
       "      <td>0</td>\n",
       "      <td>23966747</td>\n",
       "    </tr>\n",
       "    <tr>\n",
       "      <th>2022-01-22</th>\n",
       "      <td>0</td>\n",
       "      <td>16689234</td>\n",
       "    </tr>\n",
       "    <tr>\n",
       "      <th>2022-01-31</th>\n",
       "      <td>0</td>\n",
       "      <td>16928860</td>\n",
       "    </tr>\n",
       "    <tr>\n",
       "      <th>2022-01-21</th>\n",
       "      <td>0</td>\n",
       "      <td>38291589</td>\n",
       "    </tr>\n",
       "    <tr>\n",
       "      <th>2022-01-19</th>\n",
       "      <td>0</td>\n",
       "      <td>12242350</td>\n",
       "    </tr>\n",
       "    <tr>\n",
       "      <th>2022-01-07</th>\n",
       "      <td>0</td>\n",
       "      <td>33932610</td>\n",
       "    </tr>\n",
       "    <tr>\n",
       "      <th>2022-01-14</th>\n",
       "      <td>0</td>\n",
       "      <td>22760156</td>\n",
       "    </tr>\n",
       "    <tr>\n",
       "      <th>2022-01-08</th>\n",
       "      <td>0</td>\n",
       "      <td>60989885</td>\n",
       "    </tr>\n",
       "    <tr>\n",
       "      <th>2022-02-04</th>\n",
       "      <td>0</td>\n",
       "      <td>17134443</td>\n",
       "    </tr>\n",
       "    <tr>\n",
       "      <th>2022-01-02</th>\n",
       "      <td>0</td>\n",
       "      <td>11176208</td>\n",
       "    </tr>\n",
       "    <tr>\n",
       "      <th>2022-01-17</th>\n",
       "      <td>0</td>\n",
       "      <td>11361371</td>\n",
       "    </tr>\n",
       "    <tr>\n",
       "      <th>2022-01-01</th>\n",
       "      <td>0</td>\n",
       "      <td>9894726</td>\n",
       "    </tr>\n",
       "    <tr>\n",
       "      <th>2022-01-16</th>\n",
       "      <td>0</td>\n",
       "      <td>23095383</td>\n",
       "    </tr>\n",
       "    <tr>\n",
       "      <th>2022-01-06</th>\n",
       "      <td>0</td>\n",
       "      <td>33505885</td>\n",
       "    </tr>\n",
       "    <tr>\n",
       "      <th>2022-01-12</th>\n",
       "      <td>0</td>\n",
       "      <td>30007600</td>\n",
       "    </tr>\n",
       "    <tr>\n",
       "      <th>2022-01-10</th>\n",
       "      <td>0</td>\n",
       "      <td>30660460</td>\n",
       "    </tr>\n",
       "    <tr>\n",
       "      <th>2022-01-09</th>\n",
       "      <td>0</td>\n",
       "      <td>33605461</td>\n",
       "    </tr>\n",
       "    <tr>\n",
       "      <th>2022-01-13</th>\n",
       "      <td>0</td>\n",
       "      <td>12060118</td>\n",
       "    </tr>\n",
       "  </tbody>\n",
       "</table>\n",
       "</div>"
      ],
      "text/plain": [
       "            Market Cap    Volume\n",
       "Date                            \n",
       "2022-01-28           0  28999060\n",
       "2022-01-27           0   8493627\n",
       "2022-02-02           0  20033823\n",
       "2022-01-18           0  12584718\n",
       "2022-01-25           0  15847268\n",
       "2022-01-05           0  57618688\n",
       "2022-01-03           0  39076070\n",
       "2022-01-24           0  11908773\n",
       "2022-01-26           0  10877596\n",
       "2022-01-11           0  16016602\n",
       "2022-02-01           0  23966747\n",
       "2022-01-22           0  16689234\n",
       "2022-01-31           0  16928860\n",
       "2022-01-21           0  38291589\n",
       "2022-01-19           0  12242350\n",
       "2022-01-07           0  33932610\n",
       "2022-01-14           0  22760156\n",
       "2022-01-08           0  60989885\n",
       "2022-02-04           0  17134443\n",
       "2022-01-02           0  11176208\n",
       "2022-01-17           0  11361371\n",
       "2022-01-01           0   9894726\n",
       "2022-01-16           0  23095383\n",
       "2022-01-06           0  33505885\n",
       "2022-01-12           0  30007600\n",
       "2022-01-10           0  30660460\n",
       "2022-01-09           0  33605461\n",
       "2022-01-13           0  12060118"
      ]
     },
     "execution_count": 344,
     "metadata": {},
     "output_type": "execute_result"
    }
   ],
   "source": [
    "print(coin_name)\n",
    "Xs_train[coin_name]"
   ]
  },
  {
   "cell_type": "code",
   "execution_count": 375,
   "id": "a6c740b9",
   "metadata": {},
   "outputs": [
    {
     "name": "stdout",
     "output_type": "stream",
     "text": [
      "\tMTS\tR2\tmax_err\tMAE\tMAPE\tMSE\n",
